  1.9220093e+002  4.4911215e+001  1.9011120e+002  4.6260498e+001
  3.2319159e+002  6.4051402e+001  2.9641291e+002  6.8954121e+001
  1.3238785e+002  6.8836449e+001  1.4352955e+002  6.7162519e+001
  3.1302336e+002  1.1250000e+002  2.8566330e+002  1.2031337e+002
  1.0367757e+002  1.1010748e+002  1.1187792e+002  1.0478616e+002
  2.7713551e+002  1.7051869e+002  2.3848445e+002  1.7645023e+002
  8.7528037e+001  1.5317290e+002  1.0232271e+002  1.4479860e+002
  2.7593925e+002  2.4588318e+002  2.3967885e+002  2.5647512e+002
  3.2139720e+002  2.0999533e+002  3.1134292e+002  2.2542068e+002
  2.8132243e+002  1.9264953e+002  2.4385925e+002  1.9974106e+002
